problem(1,
    [4:1,3:2,2:3,1:4],
    [0,2,2,1,5,0,1,5,1,3],
    [1,3,2,3,2,2,0,3,2,2],
    []).
problem(2,
    [4:1,3:2,2:3,1:4],
    [1,3,4,1,0,3,3,1,4,0],
    [2,1,0,2,1,5,2,1,1,5],
    []).
problem(3,
    [4:1,3:2,2:3,1:4],
    [0,4,1,5,3,3,0,2,2,0],
    [1,1,4,0,4,0,3,3,1,3],
    []).
problem(4,
    [4:1,3:2,2:3,1:4],
    [1,3,1,5,0,3,1,2,3,1],
    [1,3,2,1,3,1,2,3,1,3],
    []).
problem(5,
    [4:1,3:2,2:3,1:4],
    [3,0,2,3,2,2,3,0,3,2],
    [2,3,0,3,0,3,2,6,0,1],
    []).
problem(6,
    [4:1,3:2,2:3,1:4],
    [4,1,3,1,1,2,2,2,2,2],
    [2,2,1,2,2,1,6,0,4,0],
    [c@[4,5],w@[8,5]]).
problem(7,
    [4:1,3:2,2:3,1:4],
    [2,4,1,2,0,5,0,1,5,0],
    [3,0,3,0,3,2,4,1,2,2],
    [w@[2,4],w@[7,1]]).
problem(8,
    [4:1,3:2,2:3,1:4],
    [1,4,0,2,2,5,0,4,1,1],
    [1,4,1,2,4,1,2,3,1,1],
    [l@[2,4],w@[5,9]]).
problem(9,
    [4:1,3:2,2:3,1:4],
    [3,2,1,1,2,2,1,2,4,2],
    [4,0,3,2,0,7,1,1,0,2],
    [m@[8,3],w@[1,9]]).
problem(10,
    [4:1,3:2,2:3,1:4],
    [3,1,1,2,2,3,4,0,1,3],
    [2,4,3,0,1,6,0,0,1,3],
    [w@[2,9],t@[4,6]]).
problem(11,
    [4:1,3:2,2:3,1:4],
    [4,2,0,4,2,1,3,2,1,1],
    [0,1,3,4,2,3,2,3,2,0],
    [w@[4,7],w@[3,8],c@[10,4],w@[9,1]]).
problem(12,
    [4:1,3:2,2:3,1:4],
    [2,2,2,2,3,0,5,1,2,1],
    [4,2,1,2,0,3,1,3,3,1],
    [w@[1,3],w@[7,7],w@[4,8],w@[4,4]]).
problem(13,
    [4:1,3:2,2:3,1:4],
    [5,0,2,3,1,1,1,7,0,0],
    [1,1,4,0,4,1,3,2,1,3],
    [w@[5,1],m@[1,7],w@[1,9],w@[2,10]]).
problem(14,
    [4:1,3:2,2:3,1:4],
    [1,1,2,4,2,2,1,4,1,2],
    [2,0,6,1,2,1,4,1,1,2],
    [t@[6,3],t@[2,7],l@[5,9],w@[10,7]]).
problem(15,
    [4:1,3:2,2:3,1:4],
    [1,1,5,1,4,1,1,0,2,4],
    [2,0,2,2,3,2,1,4,1,3],
    [w@[5,8],w@[4,5],w@[1,7],w@[4,2]]).
problem(16,
    [4:1,3:2,2:3,1:4],
    [1,6,1,2,2,0,4,0,3,1],
    [1,3,1,1,2,2,1,3,3,3],
    [w@[4,10],w@[6,6],w@[8,10],w@[5,3],c@[9,10],w@[4,2]]).
problem(17,
    [4:1,3:2,2:3,1:4],
    [2,1,3,3,2,2,0,2,3,2],
    [5,1,2,3,2,4,0,2,0,1],
    [w@[5,7],w@[7,7],w@[8,7],w@[10,10],c@[6,3],w@[4,5]]).
problem(18,
    [4:1,3:2,2:3,1:4],
    [1,4,2,1,2,3,2,2,1,2],
    [4,2,0,1,2,0,5,0,2,4],
    [w@[3,8],w@[3,4],w@[3,1],w@[6,6],w@[9,3],w@[1,10]]).
problem(19,
    [4:1,3:2,2:3,1:4],
    [4,1,4,1,1,2,1,2,3,1],
    [2,1,5,1,1,2,2,1,4,1],
    [w@[5,5],w@[5,9],w@[9,4],b@[6,3],w@[5,8],m@[8,9]]).
problem(20,
    [4:1,3:2,2:3,1:4],
    [3,1,1,1,2,2,2,2,1,5],
    [0,2,6,1,1,3,1,2,2,2],
    [w@[9,4],w@[3,1],l@[5,2],t@[7,3],r@[6,9],w@[6,7]]).
problem(21,
    [4:1,3:2,2:3,1:4],
    [3,0,1,4,0,4,1,1,4,2],
    [2,2,6,0,3,2,2,2,0,1],
    [w@[3,5],w@[3,3],w@[10,6],w@[6,1],r@[1,3],w@[10,10],w@[4,10],w@[4,1]]).
problem(22,
    [4:1,3:2,2:3,1:4],
    [3,1,2,0,3,2,0,4,0,5],
    [2,1,0,2,5,2,3,1,3,1],
    [w@[6,8],r@[10,8],w@[4,4],w@[9,4],w@[9,5],w@[7,1],w@[2,2],w@[9,2]]).
problem(23,
    [4:1,3:2,2:3,1:4],
    [3,0,4,2,1,1,2,2,4,1],
    [0,6,1,3,2,2,2,1,2,1],
    [w@[5,2],w@[8,10],w@[10,8],w@[8,3],w@[10,4],w@[4,9],w@[9,8],w@[8,1]]).
problem(24,
    [4:1,3:2,2:3,1:4],
    [2,3,0,5,1,3,1,1,4,0],
    [3,1,5,2,1,1,1,3,2,1],
    [w@[6,6],w@[4,7],w@[2,7],w@[4,10],w@[5,3],c@[4,9],w@[5,5],w@[1,1]]).
problem(25,
    [4:1,3:2,2:3,1:4],
    [1,2,5,0,2,3,2,3,0,2],
    [2,2,1,1,1,1,5,1,4,2],
    [w@[6,6],w@[4,1],w@[1,8],l@[8,3],w@[9,7],w@[6,8],m@[6,7],c@[2,1]]).
problem(26,
    [4:1,3:2,2:3,1:4],
    [0,3,1,3,1,0,4,2,0,6],
    [3,0,1,2,3,4,1,1,3,2],
    [w@[4,2],w@[10,6],w@[9,5],w@[1,9],b@[8,9],w@[6,5],w@[2,3],w@[6,4],c@[8,1],w@[3,8]]).
problem(27,
    [4:1,3:2,2:3,1:4],
    [1,1,2,3,4,1,3,4,1,0],
    [1,4,2,1,1,2,2,2,1,4],
    [w@[10,4],b@[8,10],w@[6,3],w@[5,3],b@[9,2],w@[2,4],w@[4,9],w@[2,10],w@[4,4],w@[3,2]]).
problem(28,
    [4:1,3:2,2:3,1:4],
    [2,0,6,1,3,1,4,0,3,0],
    [0,3,2,2,5,3,1,2,0,2],
    [w@[1,2],w@[10,6],w@[5,9],w@[4,10],c@[7,10],m@[5,5],m@[9,4],w@[8,4],w@[9,7],w@[7,4]]).
problem(29,
    [4:1,3:2,2:3,1:4],
    [3,0,1,2,2,0,4,2,4,2],
    [1,2,4,1,2,1,2,2,2,3],
    [w@[3,4],w@[7,2],w@[5,2],w@[10,7],l@[7,7],w@[2,10],w@[5,8],w@[5,1],w@[4,3],w@[6,6]]).
problem(30,
    [4:1,3:2,2:3,1:4],
    [2,2,0,1,5,1,2,4,2,1],
    [3,1,3,1,3,1,4,0,3,1],
    [w@[10,4],w@[3,5],w@[7,3],w@[4,3],w@[5,2],c@[1,5],w@[4,10],w@[3,1],w@[3,7],w@[1,9]]).
problem(31,
    [4:3,3:6,2:9,1:12],
    [4,2,6,5,4,2,8,0,7,2,3,6,3,2,6],
    [5,2,7,3,4,3,2,9,3,2,6,5,1,4,4],
    []).
problem(32,
    [4:3,3:6,2:9,1:12],
    [3,7,0,5,5,3,6,2,4,5,4,4,1,6,5],
    [6,3,4,3,2,6,5,3,1,5,1,5,5,4,7],
    []).
problem(33,
    [4:3,3:6,2:9,1:12],
    [1,8,1,3,5,1,8,3,5,3,5,5,3,3,6],
    [4,4,5,3,6,1,6,1,6,2,6,3,4,1,8],
    []).
problem(34,
    [4:3,3:6,2:9,1:12],
    [4,1,5,4,4,4,2,7,2,7,2,6,5,4,3],
    [4,4,4,1,5,4,1,5,3,7,1,9,2,4,6],
    []).
problem(35,
    [4:3,3:6,2:9,1:12],
    [6,1,7,5,3,4,3,5,3,3,5,3,3,5,4],
    [6,2,6,2,4,3,2,4,5,2,7,3,4,1,9],
    []).
problem(36,
    [4:3,3:6,2:9,1:12],
    [4,4,2,4,5,4,4,3,2,6,3,5,6,0,8],
    [6,2,5,1,4,5,3,4,5,3,2,7,5,4,4],
    [w@[3,5],w@[3,14]]).
problem(37,
    [4:3,3:6,2:9,1:12],
    [7,4,3,1,9,2,4,1,7,1,4,4,3,6,4],
    [6,1,6,4,3,7,3,4,3,3,3,5,3,5,4],
    [w@[7,11],w@[12,9]]).
problem(38,
    [4:3,3:6,2:9,1:12],
    [4,4,4,5,3,1,10,1,4,3,4,5,4,3,5],
    [4,6,3,6,0,8,1,6,2,6,3,4,2,6,3],
    [w@[14,2],w@[10,7]]).
problem(39,
    [4:3,3:6,2:9,1:12],
    [7,1,1,8,1,3,4,5,3,6,4,4,4,4,5],
    [3,6,4,2,3,3,6,2,4,4,6,5,3,1,8],
    [m@[12,11],w@[2,12]]).
problem(40,
    [4:3,3:6,2:9,1:12],
    [6,1,9,1,4,5,5,4,1,6,5,4,2,4,3],
    [7,2,4,4,4,5,4,3,6,2,4,6,1,5,3],
    [w@[3,4],l@[6,4]]).
problem(41,
    [4:3,3:6,2:9,1:12],
    [4,4,2,5,2,3,3,5,5,3,5,2,7,2,8],
    [6,3,5,2,4,4,4,2,2,8,2,6,3,8,1],
    [w@[10,1],b@[15,10],w@[7,3],m@[8,6]]).
problem(42,
    [4:3,3:6,2:9,1:12],
    [7,1,5,2,6,3,6,1,4,4,5,3,4,3,6],
    [6,2,6,2,6,3,2,4,2,7,4,3,4,5,4],
    [w@[4,6],b@[15,10],w@[5,9],w@[13,13]]).
problem(43,
    [4:3,3:6,2:9,1:12],
    [6,3,3,6,2,5,4,4,5,3,4,4,1,7,3],
    [4,4,2,9,2,4,6,4,6,0,5,3,1,5,5],
    [w@[5,5],w@[12,13],w@[6,15],w@[4,11]]).
problem(44,
    [4:3,3:6,2:9,1:12],
    [9,0,4,3,5,3,4,4,4,7,3,5,1,6,2],
    [6,1,3,4,7,1,4,6,4,3,4,5,4,3,5],
    [w@[2,5],w@[14,3],b@[11,5],w@[15,11]]).
problem(45,
    [4:3,3:6,2:9,1:12],
    [11,0,4,3,3,5,4,5,3,0,7,2,5,1,7],
    [4,3,2,5,3,6,5,1,6,3,7,4,5,2,4],
    [w@[1,6],w@[14,15],w@[15,10],m@[8,11]]).
problem(46,
    [4:3,3:6,2:9,1:12],
    [5,2,5,1,6,1,6,4,5,1,9,2,6,2,5],
    [6,5,3,4,4,3,5,5,6,5,3,1,3,3,4],
    [w@[12,2],w@[7,6],m@[15,8],w@[1,12],w@[10,9],w@[1,15]]).
problem(47,
    [4:3,3:6,2:9,1:12],
    [3,5,3,4,3,5,4,5,3,5,3,4,2,8,3],
    [7,0,5,5,3,5,4,4,2,5,1,7,2,3,7],
    [w@[7,6],l@[10,3],w@[10,11],w@[10,12],w@[4,10],w@[7,11]]).
problem(48,
    [4:3,3:6,2:9,1:12],
    [4,2,7,3,4,2,3,6,2,5,2,7,3,2,8],
    [8,2,3,5,4,4,1,3,6,3,5,3,5,0,8],
    [w@[14,14],w@[8,5],w@[6,7],w@[2,5],w@[7,14],w@[11,13]]).
problem(49,
    [4:3,3:6,2:9,1:12],
    [3,4,6,4,3,7,1,4,3,6,2,5,4,3,5],
    [6,3,4,4,3,3,5,3,3,2,5,5,4,3,7],
    [w@[13,1],w@[10,10],w@[8,10],w@[13,15],w@[8,11],c@[2,15]]).
problem(50,
    [4:3,3:6,2:9,1:12],
    [2,5,3,2,7,2,4,4,4,1,7,4,7,1,7],
    [11,0,6,2,3,4,3,3,5,4,2,1,5,4,7],
    [w@[1,4],w@[7,3],c@[8,6],w@[10,7],w@[4,9],w@[10,3]]).
problem(51,
    [4:3,3:6,2:9,1:12],
    [5,2,4,6,2,3,3,5,3,3,6,5,3,0,10],
    [7,0,8,3,3,5,1,6,2,4,3,6,2,5,5],
    [w@[7,4],b@[13,12],w@[9,14],m@[11,1],t@[2,10],w@[12,2],w@[13,13],w@[7,12]]).
problem(52,
    [4:3,3:6,2:9,1:12],
    [10,2,2,4,3,2,6,2,5,4,4,5,4,3,4],
    [6,1,9,3,2,3,7,0,6,5,4,5,1,4,4],
    [w@[6,6],w@[13,7],w@[7,8],w@[1,14],w@[4,14],w@[11,9],w@[15,2],w@[4,9]]).
problem(53,
    [4:3,3:6,2:9,1:12],
    [2,4,1,8,2,7,4,4,2,4,6,3,4,4,5],
    [0,7,2,4,4,4,3,5,4,5,3,5,4,2,8],
    [w@[3,5],l@[9,5],l@[11,4],w@[12,14],c@[15,13],w@[13,3],w@[13,8],b@[7,15]]).
problem(54,
    [4:3,3:6,2:9,1:12],
    [7,2,4,4,5,4,4,2,6,2,5,5,1,8,1],
    [8,1,7,1,8,1,3,3,4,3,2,7,3,5,4],
    [w@[15,2],w@[7,7],b@[9,1],w@[8,5],m@[1,11],w@[8,7],w@[10,1],c@[4,7]]).
problem(55,
    [4:3,3:6,2:9,1:12],
    [4,3,5,4,4,5,3,3,5,2,5,5,3,3,6],
    [4,5,4,3,1,8,3,7,2,6,0,5,4,1,7],
    [w@[3,12],w@[12,2],w@[13,9],t@[14,2],c@[8,10],w@[2,1],w@[8,2],w@[11,15]]).
problem(56,
    [4:3,3:6,2:9,1:12],
    [1,8,3,1,8,2,4,5,3,2,6,3,5,4,5],
    [8,2,4,5,2,4,6,2,2,7,3,6,4,2,3],
    [w@[11,3],w@[7,11],w@[12,5],w@[5,5],w@[10,7],w@[15,14],t@[5,10],m@[11,4],w@[3,2],w@[10,3]]).
problem(57,
    [4:3,3:6,2:9,1:12],
    [6,2,4,3,3,3,6,3,4,5,4,4,3,3,7],
    [4,2,7,4,4,6,3,3,4,3,2,8,0,9,1],
    [m@[14,14],w@[2,1],w@[4,11],w@[6,6],w@[7,10],l@[5,5],w@[6,4],w@[8,11],c@[1,12],w@[1,14]]).
problem(58,
    [4:3,3:6,2:9,1:12],
    [2,5,2,7,4,5,4,3,4,2,5,2,6,2,7],
    [3,6,3,6,3,1,7,2,5,2,6,2,6,3,5],
    [w@[1,3],w@[8,7],w@[4,3],w@[14,3],w@[1,5],w@[8,10],w@[14,6],w@[13,2],w@[10,9],w@[5,5]]).
problem(59,
    [4:3,3:6,2:9,1:12],
    [6,1,8,2,4,5,4,3,3,4,4,4,5,4,3],
    [7,2,4,4,6,1,6,1,5,3,6,1,8,0,6],
    [w@[5,3],w@[11,10],w@[8,8],w@[5,4],w@[4,3],l@[7,10],w@[15,14],w@[4,11],w@[13,14],w@[4,4]]).
problem(60,
    [4:3,3:6,2:9,1:12],
    [4,2,7,4,3,6,4,5,3,5,1,6,4,5,1],
    [7,1,6,4,5,5,4,4,3,4,5,4,2,3,3],
    [w@[13,7],w@[10,11],w@[13,3],w@[4,4],w@[15,4],w@[9,13],w@[11,6],w@[14,5],w@[4,2],w@[9,12]]).
problem(61,
    [4:4,3:8,2:12,1:16],
    [2,2,4,6,4,2,3,6,4,7,5,0,4,4,5,3,5,5,3,6],
    [6,4,0,7,0,9,4,5,4,3,5,4,2,5,5,3,7,3,4,0],
    []).
problem(62,
    [4:4,3:8,2:12,1:16],
    [3,4,4,3,5,6,7,1,3,3,5,2,0,8,2,4,5,6,2,7],
    [9,0,9,3,5,5,3,3,3,4,4,2,5,3,1,6,2,4,5,4],
    []).
problem(63,
    [4:4,3:8,2:12,1:16],
    [5,4,2,2,4,5,4,3,8,1,4,4,4,4,4,2,7,5,4,4],
    [5,3,3,5,7,2,3,6,4,2,7,2,2,6,4,1,6,3,4,5],
    []).
problem(64,
    [4:4,3:8,2:12,1:16],
    [5,6,0,7,4,3,8,5,2,2,5,3,5,2,6,5,2,4,4,2],
    [8,3,6,1,8,3,4,5,4,2,5,3,3,3,2,4,2,4,3,7],
    []).
problem(65,
    [4:4,3:8,2:12,1:16],
    [5,3,3,6,2,8,2,1,6,2,3,6,2,2,7,4,3,5,7,3],
    [6,5,2,9,0,4,5,3,5,1,6,5,2,4,5,1,7,4,2,4],
    []).
problem(66,
    [4:4,3:8,2:12,1:16],
    [1,6,1,4,5,4,6,1,8,2,6,2,5,5,3,4,6,4,4,3],
    [6,0,4,5,1,7,5,2,2,4,6,4,1,3,5,7,2,9,3,4],
    [r@[19,15],w@[9,19]]).
problem(67,
    [4:4,3:8,2:12,1:16],
    [6,1,7,2,5,0,5,4,2,3,3,9,3,4,5,4,4,5,2,6],
    [3,3,7,4,4,5,2,4,7,5,1,4,1,4,9,2,2,5,3,5],
    [w@[4,9],l@[7,14]]).
problem(68,
    [4:4,3:8,2:12,1:16],
    [7,1,6,7,1,4,2,6,5,1,5,3,6,4,4,3,4,4,1,6],
    [7,3,6,3,4,3,6,2,7,2,7,3,3,6,4,5,0,0,8,1],
    [c@[6,6],w@[6,20]]).
problem(69,
    [4:4,3:8,2:12,1:16],
    [4,3,5,3,2,6,2,3,9,4,4,3,3,1,7,2,3,6,4,6],
    [3,4,2,4,5,4,7,1,5,2,8,3,3,5,1,3,9,2,7,2],
    [w@[11,11],c@[20,7]]).
problem(70,
    [4:4,3:8,2:12,1:16],
    [2,7,3,4,3,3,6,5,2,6,6,1,8,2,5,4,3,6,1,3],
    [6,7,3,6,2,1,3,7,1,5,2,5,5,5,4,2,1,7,1,7],
    [m@[6,10],w@[7,5]]).
problem(71,
    [4:4,3:8,2:12,1:16],
    [5,4,6,3,7,1,6,3,4,3,3,6,3,7,3,0,7,0,5,4],
    [2,3,3,5,2,7,7,5,5,4,5,0,3,6,2,2,9,0,7,3],
    [w@[20,4],l@[17,3],w@[17,12],w@[4,5]]).
problem(72,
    [4:4,3:8,2:12,1:16],
    [3,3,8,3,3,4,4,3,4,3,2,4,4,4,5,5,5,1,7,5],
    [2,4,2,5,7,4,2,5,4,4,3,4,6,1,3,4,7,4,3,6],
    [w@[13,15],w@[2,14],w@[16,17],w@[1,4]]).
problem(73,
    [4:4,3:8,2:12,1:16],
    [1,5,2,4,6,3,4,4,5,6,3,4,1,6,3,5,4,4,4,6],
    [6,3,5,4,5,2,6,4,2,7,4,3,3,0,7,2,2,7,0,8],
    [w@[6,4],w@[1,6],w@[20,20],w@[4,6]]).
problem(74,
    [4:4,3:8,2:12,1:16],
    [6,1,9,0,2,7,3,3,3,4,3,2,3,7,6,3,5,3,3,7],
    [3,0,5,4,3,9,2,4,3,5,5,2,9,1,5,2,3,7,1,7],
    [w@[2,12],w@[11,12],w@[16,14],w@[5,2]]).
problem(75,
    [4:4,3:8,2:12,1:16],
    [4,6,4,2,5,2,4,2,4,5,4,5,3,5,3,3,0,9,3,7],
    [4,4,4,6,1,6,6,4,6,1,5,4,4,7,1,4,2,6,3,2],
    [w@[6,19],w@[6,14],w@[15,13],w@[11,14]]).
problem(76,
    [4:4,3:8,2:12,1:16],
    [3,5,2,9,1,3,6,5,0,8,2,4,4,4,8,1,4,3,1,7],
    [2,3,5,3,5,5,5,7,2,1,6,1,4,5,3,4,6,2,5,6],
    [w@[10,18],w@[16,8],w@[6,19],w@[15,18],w@[18,10],w@[2,15]]).
problem(77,
    [4:4,3:8,2:12,1:16],
    [2,5,4,6,5,3,4,5,3,6,5,2,3,1,7,4,3,4,4,4],
    [4,3,8,4,4,1,3,7,4,2,8,1,3,2,5,5,4,6,3,3],
    [w@[20,12],w@[11,9],w@[3,10],w@[7,4],w@[18,11],w@[17,16]]).
problem(78,
    [4:4,3:8,2:12,1:16],
    [7,3,2,4,6,3,4,2,4,9,4,3,2,1,6,4,3,3,5,5],
    [6,3,2,2,2,5,3,4,3,6,2,4,5,5,2,5,4,8,4,5],
    [w@[6,16],w@[1,9],w@[12,7],c@[13,16],w@[3,8],w@[8,17]]).
problem(79,
    [4:4,3:8,2:12,1:16],
    [1,4,6,2,5,3,5,5,4,5,6,2,2,7,3,4,1,8,1,6],
    [1,1,8,3,5,4,7,2,5,0,11,1,1,8,5,4,5,2,5,2],
    [l@[20,6],w@[17,14],w@[1,16],w@[20,17],w@[1,5],b@[12,14]]).
problem(80,
    [4:4,3:8,2:12,1:16],
    [5,2,4,4,3,4,3,7,6,4,1,3,8,4,1,3,4,6,3,5],
    [4,0,7,3,4,6,1,5,3,3,6,4,5,0,9,1,4,6,1,8],
    [m@[14,10],w@[16,17],w@[15,1],w@[12,16],w@[3,16],c@[5,11]]).
problem(81,
    [4:4,3:8,2:12,1:16],
    [5,4,4,8,2,1,7,1,4,5,3,4,4,6,6,2,0,5,5,4],
    [2,5,7,2,5,5,4,3,1,7,2,8,2,4,4,4,3,4,3,5],
    [w@[2,4],l@[20,17],w@[8,7],w@[14,5],m@[9,11],w@[7,1],w@[19,18],w@[4,13]]).
problem(82,
    [4:4,3:8,2:12,1:16],
    [5,0,9,1,7,3,4,2,5,4,3,6,1,6,4,4,2,8,1,5],
    [3,6,4,5,3,3,5,1,5,2,5,8,4,4,1,5,5,2,3,6],
    [c@[20,5],m@[5,12],m@[3,11],w@[11,11],w@[7,10],b@[18,17],w@[14,4],w@[15,10]]).
problem(83,
    [4:4,3:8,2:12,1:16],
    [6,2,2,8,3,5,1,4,6,4,4,0,4,5,8,1,4,4,4,5],
    [5,1,5,4,6,1,2,3,5,5,4,5,4,3,5,1,8,5,4,4],
    [w@[4,12],w@[14,3],w@[13,1],w@[1,7],w@[12,18],w@[6,4],w@[2,12],w@[17,16]]).
problem(84,
    [4:4,3:8,2:12,1:16],
    [0,6,1,9,2,6,4,5,5,4,5,5,3,3,2,3,5,6,4,2],
    [3,5,4,3,5,4,5,2,2,4,5,4,0,8,3,7,2,5,4,5],
    [w@[17,5],w@[17,3],w@[7,3],r@[9,17],w@[1,7],w@[6,13],b@[3,14],r@[8,6]]).
problem(85,
    [4:4,3:8,2:12,1:16],
    [2,4,2,7,4,5,2,4,7,0,5,4,4,3,6,3,6,4,4,4],
    [4,4,2,5,2,6,2,5,3,4,4,6,4,7,3,3,3,2,4,7],
    [w@[10,11],w@[4,19],t@[18,20],w@[12,9],c@[16,19],w@[13,2],w@[3,14],w@[3,13]]).
problem(86,
    [4:4,3:8,2:12,1:16],
    [5,4,5,3,6,2,3,6,3,7,0,8,5,1,3,6,4,2,5,2],
    [7,2,3,8,3,2,2,3,6,5,0,8,3,4,1,6,1,7,3,6],
    [w@[10,3],w@[2,13],w@[5,9],w@[6,4],w@[15,14],w@[7,8],w@[15,3],w@[17,6],w@[15,15],m@[2,18]]).
problem(87,
    [4:4,3:8,2:12,1:16],
    [9,0,5,5,4,2,3,3,10,2,5,3,4,4,2,4,5,5,2,3],
    [2,5,2,7,2,8,3,3,3,3,6,2,10,1,4,5,4,2,6,2],
    [w@[19,14],w@[2,5],w@[17,12],l@[9,1],w@[1,2],w@[2,19],t@[16,17],w@[10,8],w@[1,1],w@[19,4]]).
problem(88,
    [4:4,3:8,2:12,1:16],
    [6,4,1,4,5,3,5,4,3,2,6,4,3,3,2,8,3,4,2,8],
    [2,10,2,5,3,2,6,5,2,7,2,3,7,2,5,3,1,6,3,4],
    [w@[9,1],r@[20,4],w@[11,1],w@[4,10],w@[2,6],w@[4,19],c@[1,7],r@[18,13],l@[5,19],w@[19,2]]).
problem(89,
    [4:4,3:8,2:12,1:16],
    [5,7,3,3,6,5,4,2,3,4,5,2,4,4,2,7,2,4,4,4],
    [3,4,8,3,8,3,0,6,6,2,3,4,4,2,5,1,6,7,4,1],
    [w@[1,18],w@[20,12],w@[4,17],w@[14,7],w@[12,3],w@[14,20],r@[1,10],w@[1,7],w@[17,3],w@[8,5]]).
problem(90,
    [4:4,3:8,2:12,1:16],
    [6,4,5,3,3,4,0,7,3,5,6,1,5,5,3,2,2,6,2,8],
    [6,2,4,5,3,4,3,4,3,6,3,6,3,6,5,3,4,3,2,5],
    [w@[18,5],w@[20,10],w@[16,19],b@[9,1],b@[5,1],w@[19,20],m@[19,4],w@[1,20],w@[16,17],b@[10,20]]).
problem(91,
    [4:7,3:14,2:21,1:28],
    [9,5,8,5,5,4,7,5,6,8,3,2,5,5,8,4,4,5,9,2,7,5,6,6,7],
    [7,4,6,3,10,3,7,2,4,5,7,5,1,9,6,5,12,3,0,9,6,6,9,3,8],
    []).
problem(92,
    [4:7,3:14,2:21,1:28],
    [3,8,1,6,6,8,6,3,7,7,6,3,4,7,9,6,4,7,8,8,3,3,7,0,10],
    [5,6,5,5,3,8,6,7,3,3,3,11,7,5,6,9,2,9,8,2,9,4,3,7,4],
    []).
problem(93,
    [4:7,3:14,2:21,1:28],
    [6,5,6,8,3,7,4,8,3,4,6,9,2,7,5,2,10,1,12,1,5,7,7,3,9],
    [5,8,2,10,3,9,6,7,5,5,7,4,5,6,3,10,6,2,3,6,6,8,4,4,6],
    []).
problem(94,
    [4:7,3:14,2:21,1:28],
    [0,10,3,4,9,5,4,6,9,5,3,8,4,7,7,5,4,7,3,6,3,7,8,5,8],
    [6,8,3,7,5,4,8,2,5,6,5,6,6,4,7,4,3,7,5,10,0,12,2,8,7],
    []).
problem(95,
    [4:7,3:14,2:21,1:28],
    [4,6,7,2,10,3,7,3,5,8,4,5,7,5,5,2,9,4,4,9,4,7,4,6,10],
    [5,5,10,3,6,7,1,7,6,4,7,3,5,7,3,7,9,3,7,3,6,7,1,14,4],
    []).
problem(96,
    [4:7,3:14,2:21,1:28],
    [3,7,7,6,6,8,2,4,5,4,5,7,10,3,7,4,3,5,8,5,8,3,4,10,6],
    [8,4,7,4,9,3,12,2,3,4,7,4,5,2,9,4,3,9,0,8,5,9,6,4,9],
    [w@[12,3],m@[23,5]]).
problem(97,
    [4:7,3:14,2:21,1:28],
    [6,6,2,8,3,7,3,8,8,5,9,5,6,7,4,7,0,6,7,8,1,9,6,2,7],
    [9,4,6,9,7,5,5,8,3,9,4,2,1,5,9,4,7,7,6,4,8,1,9,2,6],
    [w@[14,21],w@[13,23]]).
problem(98,
    [4:7,3:14,2:21,1:28],
    [2,5,5,7,7,2,5,6,5,5,8,7,4,8,5,7,4,4,6,5,7,2,9,5,10],
    [4,4,6,8,4,6,3,5,9,5,9,3,9,5,3,8,3,7,8,5,3,6,5,2,10],
    [w@[10,7],w@[24,24]]).
problem(99,
    [4:7,3:14,2:21,1:28],
    [10,4,6,8,6,4,8,7,4,7,4,3,4,9,4,4,6,4,6,5,5,8,0,12,2],
    [4,8,5,7,5,7,3,11,5,5,5,6,1,4,8,4,4,8,7,6,6,4,5,9,3],
    [w@[10,16],w@[2,3]]).
problem(100,
    [4:7,3:14,2:21,1:28],
    [7,5,6,5,5,6,5,6,5,3,7,4,5,8,5,6,6,7,3,4,8,3,7,7,7],
    [7,5,7,3,7,7,3,7,6,9,3,5,2,9,4,6,4,4,8,5,7,7,5,4,6],
    [w@[22,21],w@[4,13]]).
problem(101,
    [4:7,3:14,2:21,1:28],
    [3,8,5,5,11,6,4,6,5,2,3,8,6,6,6,2,10,3,6,3,10,4,7,7,4],
    [3,8,5,2,4,9,5,4,8,3,8,10,1,8,4,5,7,7,7,4,4,8,5,4,7],
    [w@[21,2],w@[7,13],w@[17,12],w@[6,22]]).
problem(102,
    [4:7,3:14,2:21,1:28],
    [11,3,4,9,4,4,6,5,7,5,2,4,9,5,1,11,2,6,5,6,6,6,5,8,6],
    [14,1,4,7,6,6,3,6,5,4,6,5,4,6,8,4,7,5,5,8,3,6,7,5,5],
    [w@[24,17],w@[24,6],w@[13,7],b@[18,16]]).
problem(103,
    [4:7,3:14,2:21,1:28],
    [6,4,4,6,7,1,9,2,6,6,3,8,7,4,9,5,5,6,5,8,10,0,6,6,7],
    [0,16,1,8,3,8,5,4,5,3,5,7,4,6,7,2,10,6,6,3,5,11,2,8,5],
    [w@[8,2],t@[23,2],w@[3,25],w@[25,1]]).
problem(104,
    [4:7,3:14,2:21,1:28],
    [8,6,2,9,3,8,4,7,6,10,2,6,4,4,9,2,5,6,8,4,6,8,3,2,8],
    [5,8,5,5,5,6,1,8,6,3,8,3,7,9,3,6,7,5,6,6,4,6,6,7,5],
    [w@[14,17],l@[1,16],w@[17,2],w@[23,11]]).
problem(105,
    [4:7,3:14,2:21,1:28],
    [11,2,5,5,3,3,9,3,4,9,2,6,6,7,6,2,11,2,10,4,7,6,4,6,7],
    [4,7,5,9,6,4,8,2,8,1,8,4,9,5,3,6,7,7,3,7,4,8,3,7,5],
    [w@[11,24],c@[7,11],b@[22,2],r@[4,19]]).
problem(106,
    [4:7,3:14,2:21,1:28],
    [9,5,5,8,3,8,5,3,4,8,5,6,3,6,4,6,3,10,1,5,8,7,4,8,6],
    [8,0,9,6,5,4,7,6,8,5,4,6,6,7,1,9,4,8,3,5,3,6,6,9,5],
    [m@[22,17],w@[4,18],m@[18,21],w@[3,23],w@[20,24],w@[1,15]]).
problem(107,
    [4:7,3:14,2:21,1:28],
    [8,8,3,10,6,6,3,7,7,5,5,3,5,8,4,9,5,4,6,4,7,4,3,5,5],
    [8,4,9,4,3,5,5,10,3,4,7,6,4,8,7,5,3,9,4,5,6,4,6,3,8],
    [w@[12,6],w@[2,22],t@[7,1],c@[12,14],w@[13,11],w@[18,8]]).
problem(108,
    [4:7,3:14,2:21,1:28],
    [5,6,8,8,4,4,5,5,5,7,5,4,6,5,8,6,8,6,4,3,7,6,7,3,5],
    [6,6,3,11,5,2,6,1,8,6,8,5,6,7,6,3,7,4,7,1,9,4,8,1,10],
    [w@[9,19],w@[17,7],w@[6,15],t@[9,4],w@[12,3],w@[12,12]]).
problem(109,
    [4:7,3:14,2:21,1:28],
    [5,6,7,5,5,7,3,3,7,8,4,8,6,6,6,4,6,8,6,2,6,3,10,3,6],
    [1,11,2,4,4,6,6,9,5,10,4,5,6,6,6,3,8,6,2,11,4,4,4,9,4],
    [w@[2,6],m@[19,10],w@[6,10],w@[15,5],w@[18,11],w@[3,12]]).
problem(110,
    [4:7,3:14,2:21,1:28],
    [4,6,6,5,3,8,5,5,3,7,5,6,2,7,7,5,7,3,6,5,7,9,1,7,11],
    [6,6,7,5,3,5,7,7,6,6,7,7,6,7,3,5,4,6,3,8,4,10,2,6,4],
    [l@[10,20],t@[23,8],b@[7,18],w@[3,19],w@[16,3],r@[7,25]]).
problem(111,
    [4:7,3:14,2:21,1:28],
    [4,7,7,2,4,6,3,5,4,13,4,6,6,3,6,7,7,5,3,7,5,9,6,6,5],
    [7,7,4,4,12,3,7,7,5,5,3,5,4,6,2,9,3,5,8,4,5,7,6,2,10],
    [w@[25,10],w@[14,25],w@[18,15],w@[11,22],w@[13,18],l@[5,22],w@[5,25],w@[18,1]]).
problem(112,
    [4:7,3:14,2:21,1:28],
    [7,5,5,5,9,7,4,5,7,5,3,8,3,10,8,5,7,5,4,1,7,6,2,10,2],
    [4,10,4,5,6,6,1,11,4,6,4,7,5,7,5,6,1,10,3,3,11,2,8,6,5],
    [w@[15,1],w@[5,22],w@[13,10],w@[23,18],w@[12,13],w@[3,4],w@[15,7],t@[17,24]]).
problem(113,
    [4:7,3:14,2:21,1:28],
    [6,6,4,6,7,4,6,6,8,3,4,7,8,6,4,6,5,8,6,8,1,10,2,5,4],
    [14,2,9,6,3,9,5,5,6,3,7,2,10,3,7,4,6,4,3,5,4,7,4,9,3],
    [w@[18,7],w@[24,3],w@[8,8],w@[17,2],m@[4,2],b@[2,4],w@[20,20],w@[17,24]]).
problem(114,
    [4:7,3:14,2:21,1:28],
    [4,7,6,5,11,2,7,6,9,3,5,9,2,8,2,1,12,4,3,8,3,3,7,5,8],
    [6,6,5,3,8,7,4,0,9,6,4,2,9,2,6,1,10,4,7,5,8,2,11,7,8],
    [w@[24,15],w@[17,1],w@[14,2],w@[22,7],w@[1,5],w@[19,7],w@[9,21],w@[3,16]]).
problem(115,
    [4:7,3:14,2:21,1:28],
    [4,5,7,6,5,6,6,5,9,3,4,2,8,6,6,6,3,2,10,7,1,6,10,5,8],
    [12,2,4,9,2,9,8,6,0,5,7,7,3,6,8,0,7,3,7,3,9,4,7,4,8],
    [w@[4,13],w@[25,21],w@[21,21],w@[19,9],w@[16,15],w@[7,25],r@[19,15],w@[11,10]]).
problem(116,
    [4:7,3:14,2:21,1:28],
    [8,5,6,5,8,6,3,5,7,2,7,7,9,4,7,3,7,2,7,4,7,4,8,0,9],
    [9,2,11,2,6,7,5,3,4,6,3,9,3,9,3,4,9,4,6,1,9,5,7,2,11],
    [w@[24,20],w@[3,4],w@[8,24],t@[16,25],b@[23,12],m@[14,19],w@[3,12],w@[10,9],b@[2,23],w@[4,7]]).
problem(117,
    [4:7,3:14,2:21,1:28],
    [8,3,7,3,12,4,6,7,7,4,10,2,9,4,5,2,7,4,7,3,7,4,8,4,3],
    [2,12,2,9,5,4,11,3,4,4,6,10,3,6,5,7,3,5,9,5,2,6,4,6,7],
    [m@[4,7],m@[11,19],c@[15,7],w@[24,7],w@[4,12],w@[22,18],w@[25,8],w@[13,1],w@[16,4],l@[1,18]]).
problem(118,
    [4:7,3:14,2:21,1:28],
    [6,4,9,5,4,4,7,3,12,3,4,6,8,5,6,4,3,9,4,3,5,8,4,8,6],
    [10,4,8,6,3,8,4,6,5,4,8,2,6,9,4,5,4,5,6,8,2,5,5,8,5],
    [w@[19,4],w@[15,9],w@[15,16],w@[16,19],w@[22,24],r@[3,7],c@[15,23],w@[2,5],w@[3,22],w@[23,24]]).
problem(119,
    [4:7,3:14,2:21,1:28],
    [5,9,6,4,7,7,5,7,4,4,4,3,10,3,8,5,9,3,3,9,1,7,7,2,8],
    [9,3,10,4,8,2,9,4,1,1,10,4,7,3,5,3,12,0,7,8,4,7,8,7,4],
    [w@[17,24],w@[13,6],w@[13,13],t@[17,11],w@[5,20],c@[11,2],w@[12,21],l@[20,23],w@[7,7],w@[23,11]]).
problem(120,
    [4:7,3:14,2:21,1:28],
    [6,5,3,7,5,6,6,4,5,6,7,8,0,8,7,6,6,8,5,5,3,9,4,6,5],
    [7,6,4,5,7,6,5,6,5,3,7,7,3,11,2,8,5,1,6,10,4,6,4,7,5],
    [w@[8,20],w@[2,14],w@[14,13],w@[13,7],w@[8,2],w@[14,18],r@[22,7],w@[24,8],w@[25,8],w@[4,19]]).
problem(121,
    [4:9,3:18,2:27,1:36],
    [7,6,2,11,2,6,9,2,6,8,7,5,9,3,10,6,9,2,8,2,5,6,2,10,7,4,9,3,6,8],
    [6,5,9,8,6,8,6,2,4,8,4,7,4,3,5,7,5,10,7,2,6,4,10,6,6,8,5,6,7,6],
    []).
problem(122,
    [4:9,3:18,2:27,1:36],
    [7,6,2,4,11,5,3,9,5,3,7,3,14,2,6,7,7,7,5,5,6,9,4,9,3,8,6,5,7,5],
    [5,3,4,8,7,3,5,7,7,5,5,2,10,4,5,6,1,7,7,5,6,10,6,5,11,5,11,3,5,12],
    []).
problem(123,
    [4:9,3:18,2:27,1:36],
    [5,4,9,5,8,3,9,4,10,3,8,5,3,8,4,9,6,8,3,5,5,5,10,3,9,3,11,4,2,9],
    [8,2,7,6,3,7,4,4,10,7,2,8,4,6,10,1,9,2,6,6,9,2,13,4,7,2,9,7,10,5],
    []).
problem(124,
    [4:9,3:18,2:27,1:36],
    [9,3,9,6,6,6,6,4,6,4,10,6,6,6,6,4,6,4,11,6,6,4,9,8,6,2,6,9,4,2],
    [3,4,10,3,5,3,10,6,8,8,5,3,5,4,6,6,6,3,7,4,8,4,8,8,5,7,11,4,9,7],
    []).
problem(125,
    [4:9,3:18,2:27,1:36],
    [2,12,5,7,5,8,0,14,3,4,8,3,6,4,6,9,6,4,7,9,1,8,3,9,9,4,6,8,2,8],
    [6,7,4,6,5,5,5,5,9,5,6,5,6,7,4,12,3,9,5,5,8,6,8,4,7,7,7,4,5,5],
    []).
problem(126,
    [4:9,3:18,2:27,1:36],
    [6,4,10,5,9,3,6,10,4,5,10,7,4,6,4,9,6,7,7,3,4,8,5,6,11,3,3,6,7,2],
    [6,5,8,0,10,7,3,8,5,4,7,4,11,3,6,7,6,4,7,9,3,8,8,9,3,4,6,6,6,7],
    [w@[19,16],w@[6,22]]).
problem(127,
    [4:9,3:18,2:27,1:36],
    [3,8,9,4,11,6,4,10,7,3,3,8,4,9,2,8,5,8,6,9,3,5,9,4,5,7,8,3,5,4],
    [9,10,4,6,9,2,5,7,8,5,8,3,5,7,5,7,7,7,3,6,4,9,2,4,7,7,4,8,7,5],
    [w@[2,26],w@[25,12]]).
problem(128,
    [4:9,3:18,2:27,1:36],
    [5,6,2,9,6,4,4,14,5,1,12,1,8,6,6,7,3,7,4,11,5,7,4,3,4,13,4,6,5,8],
    [6,2,7,4,5,10,4,9,2,13,3,7,2,5,4,8,7,1,10,3,13,3,8,7,3,12,4,7,6,5],
    [w@[2,4],w@[12,3]]).
problem(129,
    [4:9,3:18,2:27,1:36],
    [6,5,10,5,6,7,8,10,4,5,5,3,6,6,8,2,6,5,10,6,5,2,9,4,3,9,4,9,6,6],
    [4,5,6,10,1,8,5,3,5,10,6,4,4,9,6,6,4,6,9,2,9,0,6,9,10,7,4,7,7,8],
    [w@[19,15],w@[14,27]]).
problem(130,
    [4:9,3:18,2:27,1:36],
    [5,8,5,8,3,6,7,5,3,9,2,10,5,7,6,4,5,5,6,3,8,6,7,6,8,7,6,3,6,11],
    [6,8,10,5,6,5,6,11,5,3,5,5,6,5,5,3,12,2,4,7,8,3,8,6,4,8,4,6,8,6],
    [c@[1,29],w@[25,5]]).
problem(131,
    [4:9,3:18,2:27,1:36],
    [4,9,8,5,7,10,5,3,7,5,9,6,6,2,5,6,7,5,8,7,9,1,6,5,8,4,7,3,9,4],
    [11,0,12,2,9,4,5,7,9,5,3,3,10,4,9,4,10,4,4,10,3,6,4,10,0,10,3,7,9,3],
    [c@[7,27],w@[22,6],b@[13,29],w@[18,4]]).
problem(132,
    [4:9,3:18,2:27,1:36],
    [3,7,9,4,5,3,3,6,7,6,5,8,9,8,5,3,13,4,3,6,3,13,5,3,2,12,4,9,4,8],
    [5,9,3,8,3,9,5,8,3,9,5,8,7,7,8,2,9,5,3,6,9,6,4,7,4,3,11,2,7,5],
    [w@[4,23],w@[27,21],w@[2,7],w@[26,3]]).
problem(133,
    [4:9,3:18,2:27,1:36],
    [4,9,4,6,7,6,6,4,5,3,7,3,5,6,7,5,5,9,8,5,7,8,5,6,9,7,5,8,3,8],
    [6,8,4,2,6,6,10,6,8,4,6,12,2,10,4,6,7,9,4,7,6,7,2,6,7,2,4,8,4,7],
    [b@[19,9],w@[17,21],m@[6,28],w@[7,13]]).
problem(134,
    [4:9,3:18,2:27,1:36],
    [2,10,4,7,3,9,7,8,6,6,10,4,3,10,3,9,6,3,7,6,5,2,8,6,6,6,5,8,7,4],
    [11,4,4,7,6,6,5,4,7,8,4,6,6,7,7,8,5,7,2,6,5,11,3,5,4,3,7,9,4,9],
    [w@[16,23],w@[5,5],w@[28,23],w@[6,25]]).
problem(135,
    [4:9,3:18,2:27,1:36],
    [4,6,6,8,8,8,4,5,9,6,4,7,4,11,6,8,5,5,7,6,3,7,8,4,6,5,4,7,4,5],
    [4,13,4,5,6,5,7,8,6,3,4,7,4,3,8,7,7,3,9,6,4,7,4,4,8,6,4,10,7,7],
    [r@[6,28],b@[4,28],c@[12,9],w@[23,28]]).
problem(136,
    [4:9,3:18,2:27,1:36],
    [5,8,5,5,6,6,7,8,9,3,3,8,6,5,4,8,6,2,14,2,4,7,5,9,4,4,5,8,3,11],
    [7,9,4,7,3,10,6,2,5,5,6,7,2,5,10,4,5,10,4,5,8,5,6,3,6,6,4,10,4,12],
    [w@[4,21],w@[10,26],l@[19,3],w@[17,15],w@[12,19],w@[12,14]]).
problem(137,
    [4:9,3:18,2:27,1:36],
    [12,0,13,1,8,5,11,4,7,6,9,3,12,2,3,9,3,11,6,2,3,6,7,7,6,5,3,5,3,8],
    [5,6,7,3,9,5,5,7,5,10,5,5,2,9,5,7,5,6,6,7,2,10,4,7,5,9,5,7,3,9],
    [w@[8,1],w@[25,26],w@[1,16],w@[26,25],w@[9,8],c@[30,15]]).
problem(138,
    [4:9,3:18,2:27,1:36],
    [7,7,4,8,4,7,5,7,9,5,7,6,8,5,3,10,2,5,11,3,8,8,5,5,8,4,6,5,5,3],
    [6,4,8,7,4,8,5,13,1,11,2,1,14,5,5,9,2,8,5,6,10,2,5,6,4,4,8,6,3,8],
    [c@[22,1],m@[3,14],w@[14,10],w@[16,16],w@[1,18],w@[14,1]]).
problem(139,
    [4:9,3:18,2:27,1:36],
    [4,7,4,7,10,6,7,9,9,2,5,5,6,5,5,9,3,3,10,2,6,8,7,7,3,6,8,4,8,5],
    [6,4,11,4,7,3,9,3,5,7,6,3,4,5,7,3,5,4,8,9,8,6,9,0,8,6,12,4,5,9],
    [w@[21,24],w@[18,26],w@[29,18],w@[17,23],w@[8,29],w@[28,28]]).
problem(140,
    [4:9,3:18,2:27,1:36],
    [8,3,6,7,7,7,5,6,6,4,6,6,7,3,10,10,6,4,5,2,8,6,7,3,5,8,8,5,7,5],
    [10,1,6,9,3,9,7,2,12,4,7,6,6,0,12,2,10,8,5,7,2,8,5,2,9,2,7,6,9,4],
    [t@[9,15],t@[7,28],w@[25,18],w@[21,17],w@[10,29],w@[17,26]]).
problem(141,
    [4:9,3:18,2:27,1:36],
    [8,5,7,4,3,14,3,12,6,5,4,10,4,6,8,3,10,1,5,7,7,6,6,3,9,2,6,6,4,6],
    [1,8,5,9,6,10,1,5,6,5,9,7,2,6,7,5,10,8,6,10,3,4,7,3,4,8,4,9,7,5],
    [w@[3,4],w@[17,15],t@[15,28],w@[22,10],r@[17,14],r@[15,18],w@[18,14],w@[20,21]]).
problem(142,
    [4:9,3:18,2:27,1:36],
    [6,7,9,4,11,6,6,5,9,4,2,11,5,4,6,3,10,4,9,4,1,8,5,6,6,5,4,8,3,9],
    [5,9,3,4,4,9,4,3,10,3,7,4,7,3,6,7,6,7,9,2,10,4,8,7,7,3,9,9,3,8],
    [w@[17,21],w@[25,22],w@[6,29],t@[6,30],w@[24,10],b@[10,18],w@[3,14],r@[15,19]]).
problem(143,
    [4:9,3:18,2:27,1:36],
    [6,4,10,8,4,6,4,5,7,6,8,6,7,7,3,5,8,1,6,6,6,7,7,5,11,3,3,10,6,5],
    [7,9,7,3,9,4,2,8,6,3,8,4,5,5,6,6,5,3,8,5,6,9,4,7,8,6,3,8,10,6],
    [w@[15,22],w@[1,8],w@[1,5],w@[12,21],m@[25,9],w@[7,16],w@[16,30],w@[19,14]]).
problem(144,
    [4:9,3:18,2:27,1:36],
    [11,2,10,2,7,7,6,8,6,5,5,6,3,8,5,3,7,9,5,9,7,6,5,6,5,5,5,6,4,7],
    [8,5,6,7,6,5,9,5,10,7,6,3,7,5,6,7,5,3,5,9,4,4,5,3,9,2,6,7,9,7],
    [w@[21,17],w@[8,29],w@[8,19],c@[19,18],m@[7,9],w@[12,4],w@[10,29],w@[8,15]]).
problem(145,
    [4:9,3:18,2:27,1:36],
    [3,7,4,5,5,5,10,5,6,7,8,5,6,4,9,8,6,5,6,9,6,7,3,9,3,7,9,3,2,8],
    [7,5,5,7,4,11,3,9,1,5,4,9,5,6,10,3,7,5,4,9,6,6,4,7,7,9,4,7,6,5],
    [w@[24,18],b@[22,20],w@[25,6],w@[8,22],c@[3,11],w@[30,5],c@[20,30],w@[9,3]]).
problem(146,
    [4:9,3:18,2:27,1:36],
    [7,5,6,3,10,5,5,5,5,7,7,2,7,5,7,4,9,6,6,8,4,6,4,12,10,4,3,7,5,6],
    [8,4,6,6,5,8,8,5,6,6,11,2,8,8,2,7,1,9,4,3,7,6,12,6,5,3,6,5,8,5],
    [w@[27,28],c@[26,9],t@[24,3],w@[12,2],w@[26,8],w@[18,21],w@[14,19],w@[30,28],w@[10,8],w@[14,1]]).
problem(147,
    [4:9,3:18,2:27,1:36],
    [2,12,6,5,2,6,9,2,6,9,7,6,3,6,3,9,3,9,5,6,14,1,5,9,4,7,5,7,7,5],
    [5,2,11,4,7,5,7,6,6,6,7,6,9,6,5,9,8,4,5,7,3,6,2,9,7,7,4,8,4,5],
    [w@[19,21],w@[1,17],w@[30,29],w@[16,27],w@[23,21],w@[18,21],b@[29,24],w@[14,10],w@[19,19],w@[25,27]]).
problem(148,
    [4:9,3:18,2:27,1:36],
    [7,5,9,5,4,6,3,11,5,9,6,3,8,5,5,5,5,4,5,4,7,4,9,2,9,9,4,12,5,5],
    [5,10,6,5,5,5,8,3,7,4,9,6,5,6,2,5,8,7,5,5,8,6,9,2,8,7,8,2,9,5],
    [w@[3,7],w@[25,29],w@[27,5],w@[18,6],w@[11,1],w@[16,6],w@[10,21],w@[4,2],w@[29,15],b@[23,17]]).
problem(149,
    [4:9,3:18,2:27,1:36],
    [4,11,6,5,5,7,10,5,4,5,9,4,6,3,6,6,3,9,5,6,7,5,7,6,3,7,7,7,3,9],
    [5,3,8,4,6,5,8,6,6,5,5,8,7,8,3,12,3,9,1,7,9,3,9,4,9,5,4,8,8,2],
    [w@[16,17],w@[1,24],w@[30,21],w@[1,30],r@[1,12],w@[2,15],w@[25,6],w@[21,28],l@[30,28],w@[12,10]]).
problem(150,
    [4:9,3:18,2:27,1:36],
    [7,3,6,3,10,3,7,2,9,2,12,3,12,4,2,9,3,8,6,7,6,5,5,7,7,8,7,4,6,7],
    [8,7,4,4,5,5,5,7,5,10,4,6,7,9,5,4,5,5,3,11,5,7,5,11,3,2,10,5,5,8],
    [w@[9,23],b@[9,3],w@[18,14],w@[22,29],w@[15,28],w@[19,9],t@[13,9],w@[21,16],w@[15,27],b@[21,10]]).
